12 28 20 
20 28 12 
49 18 14 
14 18 49 
24 37 27 
27 37 24 
4 21 44 
44 21 4 
15 37 49 
49 37 15 
20 55 50 
50 55 20 
4 16 36 
36 16 4 
14 32 23 
23 32 14 
25 1 27 
27 1 25 
12 42 26 
26 42 12 
26 44 50 
50 44 26 
27 43 11 
11 43 27 
49 55 23 
23 55 49 
24 53 21 
21 53 24 
9 45 34 
34 45 9 
41 53 42 
42 53 41 
28 54 35 
35 54 28 
33 44 8 
8 44 33 
15 5 23 
23 5 15 
17 5 20 
20 5 17 
45 24 6 
6 24 45 
4 38 43 
43 38 4 
0 22 56 
56 22 0 
12 19 50 
50 19 12 
2 43 55 
55 43 2 
21 40 25 
25 40 21 
6 16 39 
39 16 6 
11 34 24 
24 34 11 
0 1 2 
2 1 0 
25 46 11 
11 46 25 
22 8 15 
15 8 22 
8 27 38 
38 27 8 
49 45 22 
22 45 49 
45 56 39 
39 56 45 
56 26 2 
2 26 56 
11 33 21 
21 33 11 
36 56 44 
44 56 36 
17 40 50 
50 40 17 
36 20 43 
43 20 36 
32 30 33 
33 30 32 
18 13 29 
29 13 18 
38 54 32 
32 54 38 
46 35 6 
6 35 46 
46 23 39 
39 23 46 
17 9 26 
26 9 17 
9 25 35 
35 25 9 
19 13 30 
30 13 19 
55 46 0 
0 46 55 
14 41 22 
22 41 14 
34 29 28 
28 29 34 
