52 94 
94 52 
52 95 
95 52 
52 96 
96 52 
52 97 
97 52 
52 116 
116 52 
52 143 
143 52 
52 165 
165 52 
52 166 
166 52 
52 171 
171 52 
52 178 
178 52 
52 181 
181 52 
53 74 
74 53 
53 94 
94 53 
53 106 
106 53 
53 112 
112 53 
53 117 
117 53 
53 121 
121 53 
53 161 
161 53 
53 179 
179 53 
53 181 
181 53 
53 196 
196 53 
54 64 
64 54 
46 166 
166 46 
46 169 
169 46 
46 170 
170 46 
46 182 
182 46 
47 47 
47 70 
70 47 
47 76 
76 47 
47 78 
78 47 
47 92 
92 47 
47 100 
100 47 
47 107 
107 47 
47 108 
108 47 
47 113 
113 47 
47 150 
150 47 
47 163 
163 47 
47 172 
172 47 
47 187 
187 47 
47 193 
193 47 
48 75 
75 48 
48 95 
95 48 
48 105 
105 48 
106 160 
160 106 
106 194 
194 106 
106 198 
198 106 
107 107 
107 110 
110 107 
107 118 
118 107 
107 125 
125 107 
107 173 
173 107 
107 177 
177 107 
107 186 
186 107 
107 198 
198 107 
108 108 
108 112 
112 108 
108 125 
125 108 
108 181 
181 108 
108 198 
198 108 
109 125 
125 109 
170 188 
188 170 
170 192 
192 170 
171 174 
174 171 
171 183 
183 171 
171 191 
191 171 
172 173 
173 172 
172 176 
176 172 
173 186 
186 173 
174 175 
175 174 
174 187 
187 174 
175 177 
177 175 
175 186 
186 175 
175 189 
189 175 
176 183 
183 176 
177 180 
180 177 
177 185 
185 177 
177 187 
187 177 
177 188 
188 177 
177 197 
197 177 
98 98 
98 101 
101 98 
98 108 
108 98 
98 119 
119 98 
98 126 
126 98 
98 135 
135 98 
98 148 
148 98 
98 170 
170 98 
98 178 
178 98 
98 188 
188 98 
98 196 
196 98 
99 121 
121 99 
99 136 
136 99 
99 157 
157 99 
99 161 
161 99 
99 193 
193 99 
99 196 
196 99 
100 100 
100 105 
105 100 
100 107 
107 100 
100 108 
108 100 
100 109 
109 100 
100 122 
122 100 
100 147 
147 100 
100 149 
149 100 
0 10 
10 0 
0 11 
11 0 
0 16 
16 0 
0 25 
25 0 
0 26 
26 0 
0 30 
30 0 
0 43 
43 0 
0 49 
49 0 
0 54 
54 0 
0 67 
67 0 
0 82 
82 0 
0 88 
88 0 
0 95 
95 0 
0 105 
105 0 
0 121 
121 0 
0 126 
126 0 
1 13 
13 1 
1 19 
19 1 
1 29 
29 1 
1 31 
31 1 
1 33 
33 1 
1 37 
37 1 
1 44 
44 1 
1 45 
45 1 
1 93 
93 1 
1 95 
95 1 
5 7 
7 5 
5 14 
14 5 
5 16 
16 5 
5 20 
20 5 
5 43 
43 5 
5 49 
49 5 
5 67 
67 5 
5 70 
70 5 
5 82 
82 5 
5 126 
126 5 
5 151 
151 5 
5 191 
191 5 
134 138 
138 134 
134 146 
146 134 
134 150 
150 134 
134 162 
162 134 
134 163 
163 134 
134 174 
174 134 
135 182 
182 135 
136 163 
163 136 
137 163 
163 137 
137 188 
188 137 
30 71 
71 30 
30 87 
87 30 
30 89 
89 30 
30 108 
108 30 
30 130 
130 30 
30 138 
138 30 
30 143 
143 30 
30 150 
150 30 
30 151 
151 30 
30 161 
161 30 
30 162 
162 30 
30 180 
180 30 
31 32 
32 31 
31 38 
38 31 
31 41 
41 31 
31 43 
43 31 
31 48 
48 31 
31 49 
49 31 
31 54 
54 31 
31 67 
67 31 
31 69 
69 31 
31 88 
88 31 
31 110 
110 31 
31 115 
115 31 
31 139 
139 31 
31 154 
154 31 
31 155 
155 31 
31 159 
159 31 
31 160 
160 31 
31 181 
181 31 
15 81 
81 15 
15 87 
87 15 
15 88 
88 15 
15 94 
94 15 
15 98 
98 15 
15 118 
118 15 
15 173 
173 15 
15 175 
175 15 
15 178 
178 15 
15 188 
188 15 
16 17 
17 16 
16 21 
21 16 
16 23 
23 16 
16 25 
25 16 
16 32 
32 16 
16 44 
44 16 
16 47 
47 16 
16 48 
48 16 
16 65 
65 16 
16 73 
73 16 
16 79 
79 16 
16 118 
118 16 
16 134 
134 16 
16 138 
138 16 
16 149 
149 16 
16 155 
155 16 
16 158 
158 16 
16 175 
175 16 
16 185 
185 16 
16 189 
189 16 
56 109 
109 56 
56 161 
161 56 
57 60 
60 57 
57 134 
134 57 
57 149 
149 57 
57 159 
159 57 
23 30 
30 23 
23 33 
33 23 
23 34 
34 23 
23 47 
47 23 
23 54 
54 23 
23 76 
76 23 
23 79 
79 23 
23 88 
88 23 
23 95 
95 23 
23 99 
99 23 
23 105 
105 23 
130 139 
139 130 
130 159 
159 130 
131 132 
132 131 
131 142 
142 131 
131 164 
164 131 
131 191 
191 131 
131 193 
193 131 
132 139 
139 132 
132 144 
144 132 
132 149 
149 132 
132 155 
155 132 
132 158 
158 132 
132 159 
159 132 
132 165 
165 132 
44 151 
151 44 
44 163 
163 44 
44 179 
179 44 
44 182 
182 44 
44 187 
187 44 
44 188 
188 44 
45 45 
45 55 
55 45 
45 60 
60 45 
45 62 
62 45 
45 66 
66 45 
45 87 
87 45 
45 154 
154 45 
45 155 
155 45 
45 164 
164 45 
45 165 
165 45 
45 187 
187 45 
45 191 
191 45 
46 46 
46 61 
61 46 
46 69 
69 46 
46 71 
71 46 
46 86 
86 46 
46 101 
101 46 
73 132 
132 73 
73 139 
139 73 
73 163 
163 73 
73 168 
168 73 
74 99 
99 74 
74 113 
113 74 
74 136 
136 74 
74 160 
160 74 
74 188 
188 74 
75 110 
110 75 
75 135 
135 75 
7 121 
121 7 
7 154 
154 7 
7 190 
190 7 
8 14 
14 8 
8 15 
15 8 
8 17 
17 8 
8 26 
26 8 
8 65 
65 8 
8 66 
66 8 
8 82 
82 8 
8 87 
87 8 
8 107 
107 8 
8 126 
126 8 
9 12 
12 9 
9 13 
13 9 
18 126 
126 18 
18 132 
132 18 
18 139 
139 18 
18 146 
146 18 
18 150 
150 18 
18 163 
163 18 
18 168 
168 18 
18 182 
182 18 
18 187 
187 18 
19 24 
24 19 
19 30 
30 19 
19 36 
36 19 
19 49 
49 19 
19 52 
52 19 
19 63 
63 19 
19 70 
70 19 
19 71 
71 19 
19 75 
75 19 
19 76 
76 19 
19 82 
82 19 
19 86 
86 19 
19 90 
90 19 
19 121 
121 19 
19 154 
154 19 
19 164 
164 19 
19 167 
167 19 
19 183 
183 19 
20 21 
21 20 
20 31 
31 20 
20 35 
35 20 
20 48 
48 20 
20 50 
50 20 
48 108 
108 48 
48 114 
114 48 
48 115 
115 48 
48 126 
126 48 
48 139 
139 48 
48 143 
143 48 
48 149 
149 48 
48 159 
159 48 
48 180 
180 48 
49 89 
89 49 
49 90 
90 49 
49 96 
96 49 
49 110 
110 49 
49 118 
118 49 
49 130 
130 49 
49 138 
138 49 
49 146 
146 49 
49 162 
162 49 
49 181 
181 49 
50 50 
50 62 
62 50 
50 76 
76 50 
50 77 
77 50 
50 85 
85 50 
50 86 
86 50 
50 90 
90 50 
50 91 
91 50 
17 26 
26 17 
17 27 
27 17 
17 33 
33 17 
17 44 
44 17 
17 54 
54 17 
17 62 
62 17 
17 76 
76 17 
17 85 
85 17 
17 87 
87 17 
17 88 
88 17 
17 91 
91 17 
17 107 
107 17 
17 126 
126 17 
17 168 
168 17 
17 170 
170 17 
17 177 
177 17 
17 186 
186 17 
18 23 
23 18 
18 24 
24 18 
18 25 
25 18 
18 26 
26 18 
18 27 
27 18 
18 43 
43 18 
18 49 
49 18 
18 51 
51 18 
18 67 
67 18 
18 76 
76 18 
75 146 
146 75 
75 162 
162 75 
75 184 
184 75 
76 86 
86 76 
76 94 
94 76 
76 95 
95 76 
76 116 
116 76 
76 118 
118 76 
76 124 
124 76 
76 163 
163 76 
76 165 
165 76 
76 169 
169 76 
76 175 
175 76 
76 176 
176 76 
76 187 
187 76 
77 83 
83 77 
77 165 
165 77 
77 171 
171 77 
64 154 
154 64 
64 189 
189 64 
64 190 
190 64 
65 84 
84 65 
65 88 
88 65 
65 96 
96 65 
65 99 
99 65 
65 100 
100 65 
65 105 
105 65 
65 132 
132 65 
65 146 
146 65 
65 150 
150 65 
65 156 
156 65 
65 159 
159 65 
65 191 
191 65 
65 193 
193 65 
66 66 
66 67 
67 66 
66 77 
77 66 
66 84 
84 66 
66 85 
85 66 
66 91 
91 66 
66 102 
102 66 
66 112 
112 66 
66 150 
150 66 
68 191 
191 68 
68 193 
193 68 
69 70 
70 69 
69 90 
90 69 
69 103 
103 69 
69 108 
108 69 
69 170 
170 69 
69 172 
172 69 
70 70 
70 80 
80 70 
70 86 
86 70 
70 93 
93 70 
70 98 
98 70 
70 101 
101 70 
70 104 
104 70 
70 110 
110 70 
70 154 
154 70 
70 190 
190 70 
70 194 
194 70 
90 93 
93 90 
90 105 
105 90 
90 108 
108 90 
90 114 
114 90 
90 115 
115 90 
90 116 
116 90 
90 126 
126 90 
90 143 
143 90 
90 163 
163 90 
90 178 
178 90 
90 185 
185 90 
90 188 
188 90 
90 199 
199 90 
91 104 
104 91 
91 112 
112 91 
91 117 
117 91 
91 121 
121 91 
91 179 
179 91 
91 184 
184 91 
91 199 
199 91 
92 92 
92 95 
95 92 
92 101 
101 92 
92 107 
107 92 
92 108 
108 92 
92 109 
109 92 
92 114 
114 92 
92 116 
116 92 
189 191 
191 189 
190 193 
193 190 
191 192 
192 191 
191 194 
194 191 
193 198 
198 193 
194 196 
196 194 
200 207 
207 200 
201 206 
206 201 
202 205 
205 202 
203 204 
204 203 
58 164 
164 58 
58 165 
165 58 
59 169 
169 59 
59 170 
170 59 
28 195 
195 28 
29 34 
34 29 
29 70 
70 29 
29 83 
83 29 
29 143 
143 29 
29 148 
148 29 
29 157 
157 29 
30 44 
44 30 
30 45 
45 30 
30 48 
48 30 
30 49 
49 30 
30 53 
53 30 
30 65 
65 30 
178 181 
181 178 
178 182 
182 178 
178 186 
186 178 
178 189 
189 178 
179 185 
185 179 
180 198 
198 180 
181 196 
196 181 
181 197 
197 181 
182 188 
188 182 
182 189 
189 182 
182 195 
195 182 
182 199 
199 182 
183 199 
199 183 
185 186 
186 185 
185 187 
187 185 
186 199 
199 186 
187 190 
190 187 
95 136 
136 95 
95 137 
137 95 
95 158 
158 95 
95 177 
177 95 
95 182 
182 95 
95 186 
186 95 
96 99 
99 96 
96 101 
101 96 
96 122 
122 96 
96 126 
126 96 
96 132 
132 96 
96 135 
135 96 
96 147 
147 96 
96 148 
148 96 
96 149 
149 96 
96 156 
156 96 
96 159 
159 96 
96 180 
180 96 
96 196 
196 96 
97 98 
98 97 
97 112 
112 97 
97 120 
120 97 
97 121 
121 97 
97 136 
136 97 
97 164 
164 97 
97 184 
184 97 
97 193 
193 97 
97 196 
196 97 
20 68 
68 20 
20 69 
69 20 
20 79 
79 20 
20 82 
82 20 
20 86 
86 20 
20 89 
89 20 
20 95 
95 20 
20 116 
116 20 
20 124 
124 20 
20 151 
151 20 
20 171 
171 20 
20 176 
176 20 
20 184 
184 20 
21 23 
23 21 
21 26 
26 21 
21 36 
36 21 
21 49 
49 21 
21 50 
50 21 
21 51 
51 21 
21 75 
75 21 
21 76 
76 21 
21 79 
79 21 
21 82 
82 21 
21 96 
96 21 
21 134 
134 21 
21 139 
139 21 
21 155 
155 21 
21 165 
165 21 
21 167 
167 21 
137 207 
207 137 
137 211 
211 137 
138 155 
155 138 
138 160 
160 138 
138 162 
162 138 
138 165 
165 138 
138 167 
167 138 
138 168 
168 138 
138 169 
169 138 
138 181 
181 138 
139 150 
150 139 
139 159 
159 139 
139 161 
161 139 
139 172 
172 139 
139 174 
174 139 
139 175 
175 139 
139 176 
176 139 
139 180 
180 139 
141 176 
176 141 
6 14 
14 6 
6 15 
15 6 
6 20 
20 6 
6 26 
26 6 
6 31 
31 6 
6 32 
32 6 
6 44 
44 6 
6 49 
49 6 
6 54 
54 6 
6 62 
62 6 
6 71 
71 6 
6 108 
108 6 
7 19 
19 7 
7 25 
25 7 
7 29 
29 7 
7 30 
30 7 
7 68 
68 7 
7 69 
69 7 
7 86 
86 7 
7 88 
88 7 
7 95 
95 7 
7 105 
105 7 
54 91 
91 54 
54 99 
99 54 
54 113 
113 54 
54 124 
124 54 
54 128 
128 54 
54 160 
160 54 
54 180 
180 54 
54 198 
198 54 
55 57 
57 55 
55 58 
58 55 
55 59 
59 55 
55 158 
158 55 
55 184 
184 55 
55 185 
185 55 
55 188 
188 55 
56 61 
61 56 
33 185 
185 33 
33 188 
188 33 
34 37 
37 34 
34 50 
50 34 
34 51 
51 34 
34 106 
106 34 
34 178 
178 34 
34 180 
180 34 
35 35 
35 38 
38 35 
35 40 
40 35 
35 49 
49 35 
35 50 
50 35 
35 52 
52 35 
35 55 
55 35 
35 60 
60 35 
35 75 
75 35 
35 79 
79 35 
35 86 
86 35 
35 94 
94 35 
35 114 
114 35 
62 113 
113 62 
62 151 
151 62 
62 155 
155 62 
62 165 
165 62 
62 171 
171 62 
62 187 
187 62 
62 190 
190 62 
62 192 
192 62 
63 89 
89 63 
63 95 
95 63 
63 151 
151 63 
63 163 
163 63 
63 171 
171 63 
64 84 
84 64 
64 93 
93 64 
66 154 
154 66 
66 164 
164 66 
66 174 
174 66 
66 189 
189 66 
66 191 
191 66 
67 87 
87 67 
67 96 
96 67 
67 101 
101 67 
67 105 
105 67 
67 106 
106 67 
67 131 
131 67 
67 134 
134 67 
67 144 
144 67 
67 147 
147 67 
67 149 
149 67 
67 155 
155 67 
67 162 
162 67 
67 190 
190 67 
67 194 
194 67 
68 68 
68 71 
71 68 
68 78 
78 68 
68 82 
82 68 
68 92 
92 68 
68 97 
97 68 
68 100 
100 68 
68 107 
107 68 
68 108 
108 68 
68 151 
151 68 
10 135 
135 10 
10 179 
179 10 
11 14 
14 11 
11 34 
34 11 
11 41 
41 11 
11 42 
42 11 
11 68 
68 11 
11 102 
102 11 
11 116 
116 11 
11 122 
122 11 
11 136 
136 11 
11 166 
166 11 
12 21 
21 12 
12 25 
25 12 
12 26 
26 12 
12 31 
31 12 
12 33 
33 12 
12 34 
34 12 
12 35 
35 12 
12 40 
40 12 
12 45 
45 12 
9 29 
29 9 
9 33 
33 9 
9 38 
38 9 
9 40 
40 9 
9 65 
65 9 
9 86 
86 9 
9 87 
87 9 
9 101 
101 9 
9 105 
105 9 
9 106 
106 9 
10 27 
27 10 
10 28 
28 10 
10 29 
29 10 
10 64 
64 10 
10 70 
70 10 
10 75 
75 10 
10 84 
84 10 
10 103 
103 10 
3 3 
3 12 
12 3 
3 23 
23 3 
3 29 
29 3 
3 37 
37 3 
3 38 
38 3 
3 45 
45 3 
3 50 
50 3 
3 52 
52 3 
3 178 
178 3 
3 180 
180 3 
40 192 
192 40 
41 45 
45 41 
41 102 
102 41 
41 108 
108 41 
41 150 
150 41 
41 151 
151 41 
41 161 
161 41 
41 171 
171 41 
42 56 
56 42 
14 27 
27 14 
14 68 
68 14 
14 114 
114 14 
14 117 
117 14 
14 131 
131 14 
14 147 
147 14 
15 18 
18 15 
15 32 
32 15 
15 37 
37 15 
15 43 
43 15 
15 53 
53 15 
15 64 
64 15 
15 66 
66 15 
15 79 
79 15 
37 87 
87 37 
37 93 
93 37 
37 95 
95 37 
37 124 
124 37 
37 163 
163 37 
37 182 
182 37 
37 186 
186 37 
38 38 
38 57 
57 38 
38 58 
58 38 
38 62 
62 38 
38 66 
66 38 
38 88 
88 38 
38 102 
102 38 
38 150 
150 38 
38 151 
151 38 
38 171 
171 38 
38 174 
174 38 
38 189 
189 38 
38 190 
190 38 
39 46 
46 39 
23 132 
132 23 
23 139 
139 23 
23 155 
155 23 
23 163 
163 23 
23 168 
168 23 
23 169 
169 23 
23 177 
177 23 
23 181 
181 23 
23 189 
189 23 
24 25 
25 24 
24 32 
32 24 
24 35 
35 24 
24 47 
47 24 
24 48 
48 24 
24 52 
52 24 
24 76 
76 24 
24 79 
79 24 
24 86 
86 24 
24 105 
105 24 
24 122 
122 24 
24 132 
132 24 
24 138 
138 24 
24 150 
150 24 
24 174 
174 24 
24 176 
176 24 
25 31 
31 25 
25 37 
37 25 
163 168 
168 163 
163 172 
172 163 
163 174 
174 163 
163 185 
185 163 
163 188 
188 163 
163 189 
189 163 
164 165 
165 164 
164 174 
174 164 
164 184 
184 164 
164 190 
190 164 
164 192 
192 164 
165 168 
168 165 
165 171 
171 165 
165 189 
189 165 
166 172 
172 166 
166 180 
180 166 
167 169 
169 167 
167 184 
184 167 
168 178 
178 168 
168 187 
187 168 
168 188 
188 168 
169 170 
170 169 
50 104 
104 50 
50 105 
105 50 
50 122 
122 50 
50 148 
148 50 
50 164 
164 50 
50 174 
174 50 
50 177 
177 50 
50 180 
180 50 
51 51 
51 68 
68 51 
51 79 
79 51 
51 80 
80 51 
51 93 
93 51 
51 98 
98 51 
51 101 
101 51 
51 110 
110 51 
51 112 
112 51 
51 155 
155 51 
51 158 
158 51 
51 169 
169 51 
51 189 
189 51 
51 194 
194 51 
52 52 
52 66 
66 52 
52 72 
72 52 
52 79 
79 52 
52 82 
82 52 
52 83 
83 52 
26 180 
180 26 
27 32 
32 27 
27 47 
47 27 
27 65 
65 27 
27 94 
94 27 
27 149 
149 27 
27 185 
185 27 
28 81 
81 28 
35 118 
118 35 
35 149 
149 35 
35 164 
164 35 
35 165 
165 35 
35 182 
182 35 
35 183 
183 35 
36 36 
36 45 
45 36 
36 46 
46 36 
36 48 
48 36 
36 50 
50 36 
36 52 
52 36 
36 57 
57 36 
36 58 
58 36 
36 76 
76 36 
36 82 
82 36 
36 91 
91 36 
36 126 
126 36 
36 135 
135 36 
36 146 
146 36 
36 147 
147 36 
36 171 
171 36 
36 174 
174 36 
36 184 
184 36 
36 185 
185 36 
37 37 
37 38 
38 37 
37 40 
40 37 
37 44 
44 37 
37 54 
54 37 
37 55 
55 37 
37 61 
61 37 
37 74 
74 37 
37 79 
79 37 
39 67 
67 39 
39 69 
69 39 
39 103 
103 39 
39 112 
112 39 
39 159 
159 39 
39 173 
173 39 
40 40 
40 59 
59 40 
40 69 
69 40 
40 71 
71 40 
40 82 
82 40 
40 100 
100 40 
40 103 
103 40 
40 172 
172 40 
40 173 
173 40 
40 185 
185 40 
151 189 
189 151 
151 190 
190 151 
151 191 
191 151 
152 157 
157 152 
152 167 
167 152 
152 184 
184 152 
153 156 
156 153 
153 168 
168 153 
153 188 
188 153 
154 171 
171 154 
154 187 
187 154 
154 190 
190 154 
154 191 
191 154 
155 174 
174 155 
155 180 
180 155 
155 187 
187 155 
155 189 
189 155 
155 191 
191 155 
156 162 
162 156 
156 186 
186 156 
157 160 
160 157 
157 194 
194 157 
158 165 
165 158 
158 169 
169 158 
158 175 
175 158 
158 179 
179 158 
158 182 
182 158 
158 186 
186 158 
158 187 
187 158 
159 161 
161 159 
159 181 
181 159 
159 198 
198 159 
160 162 
162 160 
160 196 
196 160 
161 198 
198 161 
162 180 
180 162 
162 196 
196 162 
142 168 
168 142 
142 171 
171 142 
142 173 
173 142 
142 190 
190 142 
143 154 
154 143 
143 177 
177 143 
143 180 
180 143 
143 181 
181 143 
144 156 
156 144 
144 159 
159 144 
144 201 
201 144 
144 205 
205 144 
145 167 
167 145 
146 147 
147 146 
146 155 
155 146 
146 159 
159 146 
146 180 
180 146 
146 185 
185 146 
126 142 
142 126 
126 153 
153 126 
126 175 
175 126 
126 177 
177 126 
126 182 
182 126 
126 186 
186 126 
128 139 
139 128 
128 161 
161 128 
12 57 
57 12 
12 65 
65 12 
12 99 
99 12 
12 101 
101 12 
12 105 
105 12 
12 132 
132 12 
12 146 
146 12 
12 161 
161 12 
12 162 
162 12 
13 23 
23 13 
13 24 
24 13 
13 30 
30 13 
13 32 
32 13 
13 36 
36 13 
13 37 
37 13 
13 38 
38 13 
13 41 
41 13 
13 46 
46 13 
13 56 
56 13 
13 67 
67 13 
13 96 
96 13 
13 100 
100 13 
13 106 
106 13 
13 134 
134 13 
13 149 
149 13 
13 159 
159 13 
13 160 
160 13 
116 121 
121 116 
116 122 
122 116 
116 177 
177 116 
116 181 
181 116 
117 128 
128 117 
117 183 
183 117 
118 135 
135 118 
118 147 
147 118 
118 148 
148 118 
118 156 
156 118 
118 168 
168 118 
118 178 
178 118 
118 185 
185 118 
118 188 
188 118 
122 181 
181 122 
124 136 
136 124 
124 157 
157 124 
124 184 
184 124 
124 190 
190 124 
124 193 
193 124 
124 199 
199 124 
125 197 
197 125 
87 156 
156 87 
87 168 
168 87 
87 173 
173 87 
87 177 
177 87 
87 188 
188 87 
87 189 
189 87 
87 190 
190 87 
88 106 
106 88 
88 107 
107 88 
88 118 
118 88 
88 124 
124 88 
88 126 
126 88 
88 142 
142 88 
88 148 
148 88 
88 153 
153 88 
88 170 
170 88 
88 175 
175 88 
88 178 
178 88 
88 186 
186 88 
88 187 
187 88 
88 191 
191 88 
89 139 
139 89 
89 154 
154 89 
89 164 
164 89 
25 51 
51 25 
25 53 
53 25 
25 73 
73 25 
25 76 
76 25 
25 79 
79 25 
25 87 
87 25 
25 90 
90 25 
25 96 
96 25 
25 106 
106 25 
25 134 
134 25 
25 138 
138 25 
25 150 
150 25 
25 158 
158 25 
25 172 
172 25 
25 175 
175 25 
25 178 
178 25 
25 180 
180 25 
25 187 
187 25 
26 30 
30 26 
26 46 
46 26 
26 48 
48 26 
26 53 
53 26 
26 54 
54 26 
26 62 
62 26 
26 67 
67 26 
26 81 
81 26 
26 84 
84 26 
26 86 
86 26 
26 110 
110 26 
26 112 
112 26 
26 128 
128 26 
26 138 
138 26 
26 159 
159 26 
85 175 
175 85 
85 178 
178 85 
85 188 
188 85 
86 96 
96 86 
86 97 
97 86 
86 103 
103 86 
86 121 
121 86 
86 124 
124 86 
86 126 
126 86 
86 131 
131 86 
86 135 
135 86 
86 167 
167 86 
86 171 
171 86 
86 190 
190 86 
87 98 
98 87 
87 99 
99 87 
87 102 
102 87 
87 118 
118 87 
87 121 
121 87 
87 126 
126 87 
2 2 
2 14 
14 2 
2 17 
17 2 
2 18 
18 2 
2 32 
32 2 
2 35 
35 2 
2 36 
36 2 
2 46 
46 2 
2 62 
62 2 
2 66 
66 2 
2 94 
94 2 
2 149 
149 2 
2 185 
185 2 
110 110 
110 113 
113 110 
110 119 
119 110 
110 143 
143 110 
110 180 
180 110 
110 196 
196 110 
111 119 
119 111 
111 195 
195 111 
112 112 
112 123 
123 112 
77 202 
202 77 
77 208 
208 77 
78 109 
109 78 
78 125 
125 78 
78 176 
176 78 
79 82 
82 79 
79 90 
90 79 
79 91 
91 79 
79 121 
121 79 
79 126 
126 79 
79 135 
135 79 
79 158 
158 79 
79 167 
167 79 
79 168 
168 79 
79 172 
172 79 
79 174 
174 79 
79 189 
189 79 
60 171 
171 60 
60 174 
174 60 
61 172 
172 61 
61 173 
173 61 
62 62 
62 64 
64 62 
62 65 
65 62 
62 72 
72 62 
62 83 
83 62 
62 94 
94 62 
112 194 
194 112 
112 198 
198 112 
113 117 
117 113 
113 120 
120 113 
113 193 
193 113 
113 196 
196 113 
114 146 
146 114 
114 151 
151 114 
114 182 
182 114 
114 185 
185 114 
115 130 
130 115 
115 137 
137 115 
115 162 
162 115 
115 186 
186 115 
80 111 
111 80 
80 119 
119 80 
80 167 
167 80 
81 119 
119 81 
81 170 
170 81 
82 104 
104 82 
82 105 
105 82 
82 118 
118 82 
82 121 
121 82 
82 122 
122 82 
82 124 
124 82 
82 142 
142 82 
121 152 
152 121 
121 183 
183 121 
121 191 
191 121 
121 194 
194 121 
100 185 
185 100 
100 194 
194 100 
100 196 
196 100 
101 101 
101 110 
110 101 
101 111 
111 101 
101 146 
146 101 
101 182 
182 101 
101 193 
193 101 
101 198 
198 101 
102 106 
106 102 
102 107 
107 102 
102 187 
187 102 
102 191 
191 102 
103 104 
104 103 
103 105 
105 103 
103 169 
169 103 
104 104 
104 107 
107 104 
104 113 
113 104 
104 123 
123 104 
104 124 
124 104 
104 171 
171 104 
104 183 
183 104 
104 194 
194 104 
104 198 
198 104 
105 106 
106 105 
105 118 
118 105 
105 131 
131 105 
105 134 
134 105 
105 144 
144 105 
105 146 
146 105 
105 162 
162 105 
105 181 
181 105 
105 198 
198 105 
106 124 
124 106 
82 152 
152 82 
82 164 
164 82 
82 176 
176 82 
82 191 
191 82 
83 85 
85 83 
83 112 
112 83 
83 138 
138 83 
83 159 
159 83 
83 180 
180 83 
84 101 
101 84 
84 155 
155 84 
84 190 
190 84 
146 195 
195 146 
147 149 
149 147 
147 182 
182 147 
147 191 
191 147 
148 177 
177 148 
148 178 
178 148 
148 181 
181 148 
148 190 
190 148 
149 150 
150 149 
149 162 
162 149 
149 181 
181 149 
149 182 
182 149 
150 154 
154 150 
150 165 
165 150 
150 181 
181 150 
150 187 
187 150 
150 189 
189 150 
150 190 
190 150 
151 155 
155 151 
151 164 
164 151 
92 185 
185 92 
93 93 
93 98 
98 93 
93 100 
100 93 
93 110 
110 93 
93 111 
111 93 
93 182 
182 93 
94 97 
97 94 
94 113 
113 94 
94 124 
124 94 
94 135 
135 94 
94 183 
183 94 
95 96 
96 95 
95 110 
110 95 
95 118 
118 95 
32 39 
39 32 
32 40 
40 32 
32 49 
49 32 
32 53 
53 32 
32 54 
54 32 
32 65 
65 32 
32 66 
66 32 
32 82 
82 32 
32 83 
83 32 
32 108 
108 32 
32 113 
113 32 
32 139 
139 32 
32 162 
162 32 
32 181 
181 32 
33 33 
33 43 
43 33 
33 45 
45 33 
33 46 
46 33 
33 53 
53 33 
33 56 
56 33 
33 59 
59 33 
33 76 
76 33 
33 88 
88 33 
33 90 
90 33 
33 92 
92 33 
33 102 
102 33 
33 121 
121 33 
33 136 
136 33 
33 158 
158 33 
42 197 
197 42 
43 62 
62 43 
43 63 
63 43 
43 65 
65 43 
43 68 
68 43 
43 71 
71 43 
43 74 
74 43 
43 87 
87 43 
43 90 
90 43 
43 93 
93 43 
43 95 
95 43 
43 114 
114 43 
43 137 
137 43 
43 154 
154 43 
43 158 
158 43 
43 185 
185 43 
43 186 
186 43 
43 189 
189 43 
44 64 
64 44 
44 66 
66 44 
44 67 
67 44 
44 69 
69 44 
44 70 
70 44 
44 88 
88 44 
44 90 
90 44 
44 92 
92 44 
44 95 
95 44 
44 115 
115 44 
71 95 
95 71 
71 110 
110 71 
71 166 
166 71 
71 169 
169 71 
71 173 
173 71 
71 192 
192 71 
72 85 
85 72 
72 164 
164 72 
72 174 
174 72 
72 203 
203 72 
72 209 
209 72 
