14 31 
31 14 
14 32 
32 14 
14 41 
41 14 
12 42 
42 12 
28 54 
54 28 
29 34 
34 29 
29 36 
36 29 
46 55 
55 46 
26 42 
42 26 
26 44 
44 26 
26 56 
56 26 
0 1 
1 0 
0 7 
7 0 
0 22 
22 0 
1 25 
25 1 
1 27 
27 1 
36 56 
56 36 
8 22 
22 8 
8 27 
27 8 
4 16 
16 4 
4 18 
18 4 
4 21 
21 4 
15 37 
37 15 
6 16 
16 6 
6 19 
19 6 
35 46 
46 35 
35 51 
51 35 
35 54 
54 35 
12 19 
19 12 
12 28 
28 12 
12 31 
31 12 
19 50 
50 19 
20 28 
28 20 
2 26 
26 2 
5 15 
15 5 
5 17 
17 5 
5 20 
20 5 
5 23 
23 5 
13 18 
18 13 
13 19 
19 13 
13 29 
29 13 
13 30 
30 13 
4 38 
38 4 
20 36 
36 20 
20 43 
43 20 
20 55 
55 20 
17 40 
40 17 
17 52 
52 17 
18 49 
49 18 
24 37 
37 24 
24 45 
45 24 
24 53 
53 24 
15 51 
51 15 
8 15 
15 8 
49 55 
55 49 
50 55 
55 50 
37 49 
49 37 
38 43 
43 38 
2 3 
3 2 
9 17 
17 9 
9 25 
25 9 
9 26 
26 9 
2 43 
43 2 
0 46 
46 0 
1 2 
2 1 
11 33 
33 11 
11 34 
34 11 
6 24 
24 6 
6 35 
35 6 
44 50 
50 44 
44 56 
56 44 
45 49 
49 45 
45 56 
56 45 
14 18 
18 14 
7 33 
33 7 
9 45 
45 9 
41 47 
47 41 
41 53 
53 41 
42 48 
48 42 
42 53 
53 42 
43 55 
55 43 
38 52 
52 38 
38 54 
54 38 
34 45 
45 34 
3 34 
34 3 
33 44 
44 33 
23 46 
46 23 
23 55 
55 23 
24 34 
34 24 
23 32 
32 23 
23 39 
39 23 
30 32 
32 30 
30 33 
33 30 
30 39 
39 30 
21 33 
33 21 
21 40 
40 21 
21 44 
44 21 
16 36 
36 16 
16 39 
39 16 
21 53 
53 21 
32 54 
54 32 
27 37 
37 27 
27 38 
38 27 
27 43 
43 27 
28 29 
29 28 
22 41 
41 22 
22 45 
45 22 
22 56 
56 22 
39 56 
56 39 
40 50 
50 40 
25 35 
35 25 
25 40 
40 25 
25 46 
46 25 
8 44 
44 8 
11 43 
43 11 
11 46 
46 11 
