3 1
2 1
9 1
0 2 1
0 3 1
0 9 1
4 1
0 4 1
0 0 9 1
0 0 3 1
0 0 2 1
11 1
12 1
0 0 4 1
0 0 0 2 1
0 0 0 3 1
0 0 0 9 1
0 0 0 0 2 1
0 12 1
0 0 0 0 3 1
0 11 1
8 1
0 0 0 4 1
0 0 0 0 9 1
0 8 1
0 0 11 1
0 0 0 0 4 1
0 0 12 1
5 1
0 0 0 11 1
6 1
0 0 0 12 1
0 0 8 1
17 1
16 1
13 1
0 16 1
0 17 1
0 0 0 8 1
0 6 1
0 5 1
0 13 1
20 1
22 1
23 1
0 0 0 0 12 1
0 0 0 0 11 1
19 1
0 3 0 9 1
0 0 6 1
0 0 5 1
24 1
0 23 1
0 22 1
0 20 1
0 19 1
25 1
10 1
0 0 13 1
0 0 16 1
0 0 0 0 8 1
0 0 17 1
0 0 0 17 1
30 1
0 0 0 16 1
0 0 0 13 1
28 1
29 1
0 0 0 5 1
0 0 0 6 1
31 1
0 4 0 9 1
0 25 1
0 24 1
0 2 0 4 1
0 4 0 2 1
0 10 1
0 0 19 1
0 0 20 1
0 0 22 1
0 0 23 1
0 0 0 3 9 1
0 0 10 1
0 0 0 2 4 1
0 0 24 1
0 0 25 1
33 1
0 0 0 0 17 1
0 0 0 0 16 1
0 0 0 0 13 1
0 0 0 0 6 1
0 0 0 0 5 1
0 0 0 4 2 1
0 28 1
0 29 1
0 30 1
0 31 1
0 0 0 23 1
0 0 0 22 1
0 0 0 20 1
0 0 0 19 1
0 0 0 4 9 1
0 0 0 0 19 1
0 0 0 25 1
0 0 0 0 20 1
0 0 0 0 22 1
0 0 0 0 23 1
0 0 29 1
0 0 0 10 1
0 12 0 2 1
0 0 28 1
0 0 31 1
0 0 30 1
0 0 0 24 1
38 1
0 33 1
36 1
0 0 0 12 2 1
0 0 0 0 10 1
0 38 1
40 1
0 0 0 0 25 1
0 36 1
0 3 0 8 1
0 11 0 4 1
0 2 0 8 1
0 0 0 28 1
0 8 0 3 1
0 0 0 30 1
0 0 0 31 1
0 0 0 0 24 1
0 8 0 2 1
0 0 0 29 1
0 0 33 1
0 0 0 0 29 1
0 0 0 8 3 1
0 40 1
0 0 0 8 2 1
44 1
42 1
0 0 0 33 1
0 0 0 0 28 1
0 0 0 0 30 1
0 0 0 0 31 1
0 0 0 2 8 1
0 0 0 3 8 1
0 0 36 1
0 0 0 11 4 1
0 0 38 1
0 0 0 38 1
0 0 0 36 1
0 44 1
0 16 0 3 1
0 13 0 2 1
0 0 40 1
0 17 0 3 1
0 3 0 5 1
0 2 0 6 1
0 5 0 3 1
0 6 0 2 1
0 0 0 0 33 1
50 1
51 1
0 42 1
0 0 0 40 1
0 6 0 4 1
0 0 0 6 2 1
0 4 0 6 1
0 0 0 2 6 1
0 0 0 17 3 1
0 0 0 0 38 1
0 0 0 0 36 1
0 0 0 16 3 1
0 0 0 13 2 1
0 0 44 1
0 51 1
0 50 1
0 0 42 1
0 0 0 5 3 1
0 0 0 3 5 1
0 0 50 1
0 25 0 2 1
0 22 0 4 1
0 0 0 0 40 1
37 1
0 24 0 3 1
0 0 51 1
0 0 0 4 6 1
35 1
0 0 0 42 1
0 0 0 44 1
0 0 0 6 4 1
34 1
0 0 0 0 44 1
0 29 0 2 1
0 0 0 0 42 1
0 0 0 24 3 1
0 4 0 10 1
21 1
0 31 0 2 1
0 28 0 3 1
0 34 1
0 35 1
0 0 0 22 4 1
0 0 0 50 1
0 0 0 51 1
0 0 0 25 2 1
0 37 1
41 1
0 10 0 4 1
0 30 0 3 1
0 22 0 11 1
0 11 0 22 1
0 11 0 19 1
0 19 0 11 1
0 29 0 4 1
0 20 0 12 1
0 23 0 12 1
0 33 0 2 1
0 0 0 29 2 1
0 0 0 4 10 1
0 0 0 0 51 1
0 12 0 20 1
0 0 0 0 50 1
0 12 0 23 1
0 0 0 10 4 1
0 0 0 28 3 1
0 0 0 30 3 1
0 0 0 31 2 1
0 21 1
0 41 1
0 0 37 1
0 0 35 1
0 0 34 1
0 0 0 22 11 1
0 11 0 24 1
0 0 0 12 20 1
0 0 0 12 23 1
0 0 0 23 12 1
0 0 0 19 11 1
0 0 0 11 19 1
0 0 0 11 22 1
0 0 21 1
0 0 41 1
0 0 0 34 1
0 0 0 35 1
0 0 0 37 1
0 12 0 25 1
0 12 0 10 1
0 25 0 12 1
0 11 0 10 1
47 1
52 1
0 0 0 29 4 1
0 0 0 20 12 1
0 0 0 33 2 1
0 24 0 11 1
43 1
0 0 0 41 1
0 24 0 8 1
0 0 0 21 1
0 0 0 0 34 1
0 0 0 0 35 1
0 0 0 0 37 1
0 52 1
0 0 0 11 24 1
0 0 0 24 11 1
0 0 0 25 12 1
0 0 0 11 10 1
0 25 0 8 1
0 16 0 17 1
54 1
55 1
0 13 0 6 1
0 17 0 16 1
0 38 0 4 1
0 0 0 12 10 1
0 47 1
0 36 0 4 1
0 0 0 12 25 1
0 17 0 5 1
0 0 52 1
0 0 47 1
0 0 0 0 41 1
0 0 0 17 5 1
0 0 0 16 17 1
0 23 0 13 1
0 0 0 36 4 1
0 23 0 16 1
0 0 0 0 21 1
0 0 0 13 6 1
0 13 0 23 1
0 0 0 24 8 1
0 55 1
0 0 0 25 8 1
0 54 1
0 0 0 38 4 1
0 43 1
0 16 0 23 1
0 16 0 20 1
0 20 0 6 1
57 1
0 0 0 17 16 1
0 24 0 16 1
0 20 0 23 1
0 0 0 23 16 1
0 23 0 20 1
0 16 0 24 1
0 0 0 52 1
0 0 0 47 1
0 5 0 10 1
0 33 0 8 1
0 0 0 13 23 1
0 6 0 10 1
0 0 0 23 13 1
0 0 43 1
0 0 0 16 20 1
0 0 0 16 23 1
0 10 0 6 1
0 22 0 19 1
0 10 0 5 1
0 0 0 20 6 1
0 57 1
0 0 54 1
0 0 55 1
0 19 0 22 1
0 0 0 20 23 1
0 17 0 29 1
0 25 0 22 1
0 12 0 40 1
0 40 0 12 1
0 0 0 24 16 1
0 0 0 16 24 1
0 13 0 30 1
0 0 0 6 10 1
0 0 0 23 20 1
0 0 0 33 8 1
0 0 0 0 52 1
0 0 0 5 10 1
0 0 0 55 1
0 0 0 54 1
0 0 0 22 19 1
0 0 0 0 47 1
0 0 0 43 1
0 0 0 19 22 1
0 0 0 10 5 1
0 0 0 10 6 1
0 0 57 1
0 30 0 13 1
0 22 0 25 1
0 23 0 24 1
0 24 0 23 1
0 29 0 17 1
0 0 0 30 13 1
0 23 0 30 1
0 16 0 33 1
0 0 0 40 12 1
0 0 0 13 30 1
0 37 0 3 1
0 19 0 28 1
0 20 0 31 1
0 0 0 25 22 1
0 34 0 2 1
0 0 0 12 40 1
0 0 0 23 24 1
0 35 0 9 1
0 37 0 9 1
0 2 0 34 1
0 28 0 19 1
0 22 0 29 1
0 35 0 3 1
0 29 0 22 1
0 3 0 35 1
0 0 0 57 1
0 35 0 2 1
0 30 0 23 1
0 0 0 24 23 1
0 0 0 0 43 1
0 0 0 17 29 1
0 0 0 22 25 1
0 2 0 35 1
0 0 0 0 54 1
0 0 0 0 55 1
0 31 0 20 1
0 3 0 37 1
0 33 0 16 1
0 0 0 29 17 1
0 0 0 22 29 1
0 2 0 41 1
0 0 0 29 22 1
0 0 0 35 2 1
0 0 0 35 3 1
0 0 0 34 2 1
0 0 0 30 23 1
0 0 0 31 20 1
0 41 0 2 1
0 0 0 35 9 1
0 0 0 37 9 1
0 0 0 19 28 1
0 0 0 28 19 1
0 36 0 13 1
0 0 0 2 34 1
53 1
0 0 0 0 57 1
0 31 0 10 1
0 0 0 2 35 1
0 0 0 3 37 1
0 0 0 16 33 1
0 0 0 20 31 1
0 0 0 3 35 1
0 0 0 23 30 1
0 0 0 37 3 1
0 0 0 33 16 1
0 13 0 36 1
0 38 0 23 1
0 53 1
60 1
59 1
0 0 0 36 13 1
0 0 0 31 10 1
0 23 0 38 1
0 40 0 16 1
0 0 0 2 41 1
0 40 0 5 1
0 0 0 13 36 1
0 19 0 36 1
0 36 0 19 1
0 0 0 41 2 1
0 16 0 40 1
0 12 0 34 1
0 0 0 23 38 1
0 11 0 37 1
0 0 0 40 5 1
0 0 53 1
0 0 0 40 16 1
0 33 0 31 1
0 31 0 33 1
0 17 0 44 1
0 0 0 19 36 1
0 60 1
0 13 0 44 1
62 1
0 44 0 13 1
0 0 0 36 19 1
0 16 0 279 1
0 44 0 17 1
0 44 0 16 1
0 16 0 44 1
0 59 1
0 0 0 16 40 1
0 52 0 9 1
0 47 0 9 1
61 1
0 0 0 38 23 1
0 0 0 16 44 1
0 0 0 52 9 1
0 0 0 44 16 1
0 23 0 42 1
0 62 1
0 0 0 17 44 1
0 0 0 44 17 1
0 19 0 44 1
0 0 0 47 9 1
0 0 0 31 33 1
0 61 1
0 0 0 33 31 1
0 42 0 22 1
0 0 0 12 34 1
0 0 0 13 44 1
0 0 0 11 37 1
0 0 0 16 279 1
0 52 0 4 1
0 22 0 279 1
0 4 0 47 1
0 44 0 20 1
0 44 0 19 1
0 40 0 10 1
0 4 0 52 1
0 51 0 6 1
0 50 0 5 1
0 0 0 53 1
0 42 0 23 1
0 0 60 1
0 47 0 4 1
0 20 0 44 1
0 22 0 42 1
0 0 0 44 13 1
0 0 59 1
0 0 0 22 42 1
0 0 0 47 4 1
0 50 0 22 1
0 0 0 22 279 1
0 0 0 42 22 1
0 0 0 42 23 1
0 0 0 19 44 1
0 0 0 40 10 1
0 0 0 44 19 1
0 0 0 44 20 1
0 0 0 50 5 1
0 0 0 52 4 1
0 0 0 4 47 1
0 23 0 51 1
0 0 61 1
0 0 62 1
0 0 0 4 52 1
0 0 0 59 1
0 0 0 60 1
0 0 0 0 53 1
0 22 0 50 1
0 0 0 23 42 1
0 0 0 51 6 1
0 51 0 23 1
0 0 0 20 44 1
0 31 0 44 1
0 51 0 10 1
0 42 0 30 1
0 28 0 44 1
0 50 0 10 1
0 42 0 29 1
0 0 0 51 23 1
0 0 0 22 50 1
0 0 0 0 60 1
0 0 0 0 59 1
0 29 0 42 1
0 0 0 62 1
0 0 0 61 1
0 0 0 23 51 1
0 44 0 28 1
0 30 0 42 1
0 0 0 50 22 1
0 44 0 31 1
0 0 0 31 44 1
0 8 0 47 1
0 6 0 21 1
0 0 0 42 29 1
0 0 0 0 61 1
0 0 0 0 62 1
0 0 0 44 31 1
0 31 0 50 1
0 0 0 44 28 1
0 0 0 28 44 1
0 12 0 55 1
0 0 0 30 42 1
0 0 0 29 42 1
0 0 0 50 10 1
0 51 0 28 1
0 0 0 51 10 1
0 13 0 41 1
0 50 0 31 1
0 54 0 11 1
0 47 0 8 1
0 11 0 54 1
0 28 0 51 1
0 0 0 42 30 1
0 55 0 12 1
0 0 0 12 55 1
0 42 0 38 1
0 0 0 8 47 1
0 0 0 13 41 1
0 0 0 50 31 1
0 0 0 31 50 1
0 0 0 51 28 1
0 0 0 28 51 1
0 34 0 10 1
0 44 0 36 1
0 0 0 6 21 1
0 37 0 10 1
0 0 0 55 12 1
0 0 0 54 11 1
0 38 0 42 1
0 0 0 47 8 1
0 36 0 44 1
0 0 0 11 54 1
0 10 0 34 1
0 10 0 37 1
0 0 0 38 42 1
0 0 0 44 36 1
0 31 0 34 1
0 38 0 51 1
0 17 0 52 1
0 52 0 5 1
0 5 0 52 1
0 29 0 35 1
0 0 0 37 10 1
0 0 0 10 37 1
0 0 0 36 44 1
0 28 0 37 1
0 30 0 35 1
0 51 0 38 1
0 0 0 10 34 1
0 0 0 34 10 1
0 0 0 42 38 1
0 0 0 38 51 1
0 0 0 30 35 1
0 0 0 5 52 1
0 16 0 54 1
0 0 0 28 37 1
0 0 0 17 52 1
0 0 0 29 35 1
0 0 0 51 38 1
0 0 0 31 34 1
0 54 0 16 1
0 0 0 52 5 1
0 23 0 55 1
0 51 0 44 1
0 20 0 43 1
0 55 0 23 1
0 43 0 20 1
0 0 0 54 16 1
0 24 0 47 1
0 19 0 54 1
0 44 0 51 1
0 0 0 16 54 1
0 54 0 19 1
0 57 0 22 1
0 0 0 55 23 1
0 0 0 54 19 1
0 0 0 20 43 1
0 57 0 23 1
0 0 0 23 55 1
0 0 0 43 20 1
0 0 0 19 54 1
0 22 0 57 1
0 0 0 24 47 1
0 23 0 57 1
0 0 0 51 44 1
0 0 0 44 51 1
0 0 0 57 23 1
0 24 0 57 1
0 25 0 57 1
0 0 0 57 22 1
0 0 0 23 57 1
0 0 0 22 57 1
0 57 0 25 1
0 57 0 24 1
0 38 0 47 1
0 0 0 57 24 1
0 0 0 57 25 1
0 36 0 52 1
0 0 0 25 57 1
0 0 0 24 57 1
0 0 0 38 47 1
0 0 0 36 52 1
0 40 0 54 1
0 59 0 16 1
0 16 0 59 1
0 54 0 40 1
0 0 0 40 54 1
0 0 0 16 59 1
0 0 0 54 40 1
0 10 0 53 1
0 0 0 59 16 1
0 17 0 62 1
0 41 0 35 1
0 13 0 61 1
0 35 0 41 1
0 61 0 13 1
0 62 0 17 1
0 53 0 10 1
0 54 0 279 1
0 0 0 61 13 1
0 57 0 279 1
0 0 0 41 35 1
0 0 0 13 61 1
0 41 0 21 1
0 0 0 35 41 1
0 0 0 62 17 1
0 0 0 53 10 1
0 0 0 17 62 1
0 23 0 61 1
0 0 0 54 279 1
0 62 0 22 1
0 22 0 62 1
0 61 0 23 1
0 0 0 10 53 1
0 60 0 31 1
0 0 0 23 61 1
0 0 0 61 23 1
0 0 0 62 22 1
0 0 0 41 21 1
0 59 0 29 1
0 31 0 60 1
0 0 0 22 62 1
0 29 0 59 1
0 0 0 57 279 1
0 0 0 29 59 1
0 59 0 33 1
0 0 0 60 31 1
0 0 0 31 60 1
0 0 0 59 29 1
0 54 0 37 1
0 33 0 59 1
0 0 0 33 59 1
0 0 0 59 33 1
0 0 0 54 37 1
0 59 0 279 1
0 44 0 60 1
0 51 0 53 1
0 60 0 44 1
0 59 0 42 1
0 42 0 59 1
0 0 0 59 42 1
0 55 0 43 1
0 62 0 279 1
0 44 0 61 1
0 0 0 44 60 1
0 0 0 51 53 1
0 43 0 55 1
0 44 0 62 1
0 62 0 44 1
0 0 0 59 279 1
0 0 0 60 44 1
0 61 0 44 1
0 57 0 47 1
0 0 0 42 59 1
0 53 0 37 1
0 0 0 55 43 1
0 0 0 62 279 1
0 0 0 43 55 1
0 51 0 61 1
0 0 0 44 62 1
0 37 0 53 1
0 62 0 50 1
0 0 0 61 44 1
0 0 0 57 47 1
0 50 0 62 1
0 0 0 62 44 1
0 57 0 55 1
0 61 0 51 1
0 0 0 44 61 1
0 0 0 51 61 1
0 0 0 57 55 1
0 53 0 21 1
0 59 0 35 1
0 0 0 53 37 1
0 0 0 37 53 1
0 0 0 62 50 1
0 0 0 50 62 1
0 0 0 61 51 1
0 60 0 41 1
0 0 0 53 21 1
0 0 0 59 35 1
0 0 0 60 41 1
0 55 0 53 1
0 43 0 60 1
0 60 0 43 1
0 0 0 55 53 1
0 62 0 52 1
0 0 0 43 60 1
0 0 0 60 43 1
0 0 0 62 52 1
0 62 0 60 1
0 0 0 62 60 1
