3 1
4 1
2 1
0 4 1
0 3 1
0 2 1
0 0 4 1
0 0 3 1
0 0 2 1
0 0 0 2 1
0 0 0 3 1
0 0 0 4 1
0 0 0 0 4 1
0 0 0 0 3 1
0 0 0 0 2 1
6 1
8 1
7 1
15 1
0 6 1
0 7 1
0 8 1
14 1
9 1
16 1
17 1
5 1
19 1
18 1
0 0 6 1
11 1
10 1
0 5 1
0 9 1
0 14 1
0 15 1
0 16 1
0 17 1
0 18 1
0 19 1
0 0 8 1
0 0 7 1
0 0 15 1
0 11 1
0 10 1
0 0 14 1
0 0 9 1
0 0 19 1
0 0 5 1
0 0 16 1
0 0 17 1
0 0 18 1
0 0 0 6 1
0 0 0 7 1
0 0 0 8 1
0 0 0 19 1
0 0 0 18 1
0 0 0 17 1
0 0 0 16 1
0 0 0 15 1
0 0 0 14 1
0 0 0 5 1
0 0 10 1
0 0 11 1
0 0 0 9 1
0 0 0 0 6 1
0 0 0 0 7 1
0 0 0 0 8 1
13 1
0 13 1
0 0 0 0 19 1
0 0 0 0 18 1
0 0 0 0 17 1
0 0 0 0 16 1
0 0 0 0 15 1
0 0 0 0 14 1
0 0 0 10 1
0 0 0 11 1
0 0 0 0 9 1
0 0 0 0 5 1
0 0 0 0 11 1
0 0 0 0 10 1
0 0 13 1
0 0 0 13 1
24 1
12 1
22 1
23 1
25 1
26 1
27 1
28 1
29 1
0 0 0 0 13 1
0 26 1
0 23 1
0 24 1
0 4 0 9 1
0 3 0 9 1
0 25 1
0 27 1
0 28 1
0 29 1
0 3 0 5 1
0 22 1
0 12 1
0 2 0 5 1
0 0 24 1
0 0 12 1
0 0 22 1
0 0 23 1
0 0 0 2 5 1
0 0 25 1
0 0 26 1
0 0 27 1
0 0 28 1
0 0 29 1
40 1
37 1
36 1
35 1
21 1
20 1
0 0 0 3 5 1
0 0 0 3 9 1
0 0 0 4 9 1
0 0 0 25 1
0 0 0 23 1
0 0 0 22 1
0 0 0 24 1
0 37 1
0 36 1
0 35 1
0 0 0 12 1
0 0 0 26 1
0 0 0 27 1
0 0 0 28 1
0 0 0 29 1
0 40 1
0 20 1
0 21 1
0 0 40 1
0 0 0 0 25 1
0 0 0 0 29 1
0 0 0 0 12 1
0 0 0 0 22 1
0 0 0 0 23 1
0 0 0 0 24 1
0 0 0 0 28 1
0 0 0 0 27 1
0 0 0 0 26 1
0 0 36 1
0 0 37 1
47 1
46 1
45 1
0 0 35 1
0 0 20 1
0 0 21 1
48 1
0 0 0 37 1
0 47 1
0 46 1
0 45 1
0 48 1
0 0 0 21 1
0 0 0 20 1
0 0 0 40 1
0 0 0 35 1
0 0 0 36 1
0 0 0 0 35 1
0 0 0 0 37 1
0 0 0 0 36 1
34 1
32 1
0 0 0 0 40 1
31 1
30 1
0 0 0 0 20 1
0 0 0 0 21 1
0 0 48 1
0 0 47 1
0 0 46 1
0 0 45 1
0 30 1
0 31 1
0 32 1
0 34 1
41 1
42 1
39 1
38 1
0 16 0 7 1
0 14 0 7 1
0 0 0 45 1
0 15 0 6 1
0 0 0 46 1
0 0 0 47 1
0 0 0 48 1
0 15 0 8 1
0 0 0 0 45 1
0 0 0 0 48 1
0 0 0 0 47 1
0 0 0 0 46 1
0 38 1
0 0 0 16 7 1
0 2 0 12 1
0 10 0 7 1
0 10 0 6 1
44 1
43 1
0 6 0 10 1
0 23 0 3 1
0 25 0 2 1
0 8 0 11 1
0 11 0 7 1
0 11 0 8 1
0 4 0 12 1
0 26 0 3 1
0 22 0 4 1
0 7 0 11 1
0 7 0 10 1
0 39 1
0 41 1
0 0 0 14 7 1
0 0 30 1
0 0 31 1
0 42 1
0 0 32 1
0 0 34 1
0 0 0 15 8 1
0 0 0 15 6 1
0 0 0 34 1
0 0 0 8 11 1
0 0 38 1
0 0 0 10 7 1
0 0 0 32 1
0 0 0 31 1
0 0 0 4 12 1
0 0 0 30 1
0 0 0 25 2 1
0 43 1
0 0 0 23 3 1
0 0 0 11 8 1
0 0 0 11 7 1
0 44 1
0 0 0 6 10 1
0 0 41 1
0 0 0 2 12 1
0 0 39 1
0 0 42 1
0 0 0 26 3 1
0 16 0 10 1
0 0 0 22 4 1
0 14 0 11 1
0 0 0 7 10 1
0 0 0 7 11 1
0 0 0 10 6 1
0 13 0 6 1
0 0 44 1
0 6 0 13 1
0 0 43 1
0 13 0 8 1
0 8 0 13 1
0 0 0 14 11 1
0 0 0 0 34 1
0 0 0 16 10 1
0 0 0 0 32 1
0 0 0 0 31 1
0 0 0 39 1
0 0 0 41 1
0 0 0 42 1
0 0 0 0 30 1
0 0 0 38 1
33 1
0 0 0 0 38 1
0 0 0 0 39 1
0 0 0 6 13 1
0 0 0 43 1
0 0 0 0 41 1
0 0 0 44 1
0 0 0 0 42 1
52 1
51 1
0 0 0 13 6 1
0 0 0 13 8 1
0 0 0 8 13 1
0 51 1
0 0 0 0 43 1
0 0 0 0 44 1
0 46 0 4 1
0 47 0 2 1
0 11 0 13 1
0 10 0 13 1
0 13 0 10 1
0 13 0 11 1
0 33 1
0 52 1
0 0 0 46 4 1
0 0 0 47 2 1
0 0 0 11 13 1
0 0 0 10 13 1
0 0 0 13 10 1
0 0 0 13 11 1
0 0 33 1
0 0 52 1
0 0 51 1
0 28 0 7 1
0 0 0 33 1
0 0 0 52 1
0 0 0 51 1
0 24 0 7 1
0 29 0 6 1
0 27 0 8 1
0 0 0 24 7 1
0 0 0 28 7 1
0 5 0 12 1
0 0 0 27 8 1
0 4 0 38 1
0 0 0 0 52 1
0 0 0 0 51 1
49 1
0 41 0 2 1
0 0 0 0 33 1
0 39 0 3 1
0 9 0 12 1
0 2 0 41 1
0 3 0 39 1
0 3 0 42 1
0 42 0 3 1
50 1
0 0 0 29 6 1
0 38 0 4 1
0 35 0 6 1
0 0 0 38 4 1
0 25 0 10 1
0 0 0 4 38 1
0 0 0 5 12 1
0 36 0 8 1
0 0 0 2 41 1
0 0 0 39 3 1
0 0 0 3 39 1
0 0 0 3 42 1
0 22 0 11 1
0 0 0 9 12 1
0 23 0 10 1
0 26 0 11 1
0 50 1
53 1
0 49 1
0 0 0 41 2 1
54 1
0 0 0 42 3 1
0 0 0 23 10 1
0 40 0 9 1
0 0 0 22 11 1
0 0 0 25 10 1
0 0 49 1
0 37 0 5 1
0 17 0 20 1
0 18 0 21 1
0 18 0 20 1
0 19 0 21 1
0 0 0 26 11 1
0 53 1
0 0 0 36 8 1
0 54 1
0 0 0 35 6 1
0 0 50 1
0 0 0 50 1
0 0 0 17 20 1
0 0 0 37 5 1
0 0 0 49 1
0 0 53 1
0 0 54 1
0 0 0 18 20 1
0 0 0 40 9 1
0 0 0 18 21 1
0 0 0 19 21 1
0 2 0 51 1
0 0 0 0 49 1
0 0 0 0 50 1
0 0 0 54 1
0 0 0 53 1
0 4 0 52 1
0 52 0 4 1
0 51 0 2 1
0 0 0 52 4 1
0 34 0 7 1
0 7 0 34 1
0 45 0 10 1
0 48 0 11 1
0 0 0 51 2 1
0 0 0 0 53 1
0 0 0 0 54 1
0 8 0 32 1
0 7 0 30 1
0 0 0 2 51 1
0 0 0 4 52 1
0 31 0 6 1
0 32 0 8 1
0 37 0 13 1
0 40 0 13 1
0 30 0 7 1
0 6 0 31 1
0 0 0 45 10 1
0 18 0 32 1
0 19 0 30 1
0 31 0 5 1
0 18 0 31 1
0 0 0 48 11 1
0 30 0 5 1
0 0 0 6 31 1
0 0 0 7 30 1
0 0 0 7 34 1
0 0 0 31 6 1
0 0 0 30 7 1
0 0 0 8 32 1
0 0 0 32 8 1
0 32 0 9 1
0 0 0 40 13 1
0 17 0 34 1
0 0 0 37 13 1
0 0 0 34 7 1
0 34 0 9 1
0 0 0 18 31 1
0 0 0 30 5 1
0 15 0 38 1
0 0 0 18 32 1
0 0 0 31 5 1
0 0 0 34 9 1
0 0 0 17 34 1
0 0 0 32 9 1
0 46 0 13 1
0 0 0 19 30 1
0 14 0 42 1
0 16 0 39 1
0 47 0 13 1
0 15 0 41 1
0 0 0 16 39 1
0 0 0 47 13 1
0 17 0 43 1
0 19 0 44 1
0 0 0 46 13 1
0 0 0 14 42 1
0 0 0 15 38 1
0 0 0 15 41 1
0 11 0 44 1
0 37 0 26 1
0 23 0 40 1
0 10 0 43 1
0 43 0 10 1
0 44 0 11 1
0 27 0 36 1
0 0 0 17 43 1
0 36 0 27 1
0 35 0 29 1
0 40 0 23 1
0 26 0 37 1
0 29 0 35 1
0 0 0 19 44 1
0 0 0 36 27 1
0 0 0 26 37 1
0 0 0 35 29 1
0 0 0 40 23 1
57 1
0 0 0 10 43 1
0 0 0 23 40 1
58 1
0 0 0 11 44 1
0 0 0 27 36 1
0 0 0 29 35 1
0 0 0 43 10 1
0 0 0 44 11 1
0 0 0 37 26 1
0 46 0 29 1
0 47 0 27 1
0 48 0 24 1
0 58 1
0 57 1
0 25 0 47 1
0 45 0 23 1
0 28 0 45 1
0 17 0 33 1
0 26 0 48 1
0 29 0 46 1
0 19 0 33 1
0 46 0 22 1
0 47 0 25 1
0 23 0 45 1
0 45 0 28 1
0 48 0 26 1
0 22 0 46 1
0 27 0 47 1
0 24 0 48 1
0 0 0 48 24 1
0 0 0 48 26 1
0 0 0 29 46 1
0 0 0 24 48 1
0 0 0 27 47 1
0 0 57 1
0 0 0 22 46 1
0 0 0 46 22 1
0 0 0 45 23 1
0 0 0 25 47 1
0 0 0 28 45 1
0 0 0 23 45 1
0 0 0 47 25 1
0 0 0 26 48 1
0 0 58 1
0 0 0 17 33 1
0 0 0 46 29 1
0 0 0 45 28 1
0 0 0 47 27 1
0 0 0 19 33 1
0 0 0 57 1
0 45 0 35 1
0 24 0 34 1
0 28 0 30 1
0 37 0 47 1
0 48 0 36 1
0 40 0 46 1
0 35 0 45 1
55 1
0 47 0 37 1
0 36 0 48 1
0 46 0 40 1
0 0 0 58 1
0 28 0 38 1
0 0 0 28 30 1
0 0 0 47 37 1
0 26 0 42 1
0 55 1
0 0 0 48 36 1
0 0 0 37 47 1
0 0 0 24 34 1
0 0 0 45 35 1
0 8 0 49 1
0 0 0 40 46 1
0 23 0 39 1
0 0 0 46 40 1
0 6 0 50 1
0 0 0 35 45 1
0 29 0 42 1
0 27 0 39 1
0 24 0 41 1
0 0 0 0 58 1
0 0 0 36 48 1
0 0 0 0 57 1
56 1
0 0 0 29 42 1
0 0 0 28 38 1
0 56 1
0 43 0 12 1
0 25 0 43 1
0 0 0 8 49 1
0 0 55 1
0 37 0 31 1
0 0 0 23 39 1
0 44 0 12 1
0 0 0 6 50 1
0 40 0 32 1
0 0 0 26 42 1
0 22 0 44 1
0 0 0 24 41 1
0 0 0 27 39 1
0 0 0 22 44 1
0 21 0 42 1
0 21 0 41 1
0 9 0 54 1
0 0 0 25 43 1
0 20 0 39 1
0 0 0 40 32 1
0 0 0 44 12 1
0 14 0 54 1
0 20 0 38 1
0 0 0 43 12 1
0 42 0 21 1
0 54 0 9 1
0 16 0 53 1
0 0 0 55 1
0 38 0 20 1
0 41 0 21 1
0 0 0 37 31 1
0 39 0 20 1
0 0 56 1
0 5 0 53 1
0 53 0 5 1
0 0 0 16 53 1
0 0 0 42 21 1
0 0 0 0 55 1
0 0 0 56 1
0 0 0 20 39 1
0 0 0 54 9 1
0 0 0 39 20 1
0 0 0 9 54 1
0 0 0 21 41 1
0 0 0 20 38 1
0 0 0 5 53 1
0 0 0 53 5 1
0 0 0 21 42 1
0 0 0 38 20 1
0 0 0 41 21 1
0 0 0 14 54 1
0 0 0 0 56 1
0 20 0 33 1
0 21 0 33 1
0 43 0 34 1
0 44 0 30 1
0 34 0 43 1
0 0 0 20 33 1
0 30 0 44 1
0 0 0 21 33 1
0 0 0 44 30 1
0 50 0 12 1
0 48 0 51 1
0 45 0 52 1
0 0 0 30 44 1
0 0 0 34 43 1
0 0 0 43 34 1
0 49 0 12 1
0 0 0 49 12 1
0 0 0 45 52 1
0 0 0 48 51 1
0 0 0 50 12 1
0 20 0 50 1
0 21 0 49 1
0 35 0 54 1
0 51 0 41 1
0 38 0 52 1
0 52 0 38 1
0 0 0 21 49 1
0 36 0 53 1
0 41 0 51 1
0 0 0 20 50 1
0 0 0 36 53 1
0 0 0 52 38 1
0 0 0 51 41 1
0 0 0 41 51 1
0 0 0 35 54 1
0 0 0 38 52 1
0 31 0 50 1
0 32 0 49 1
0 52 0 33 1
0 41 0 49 1
0 38 0 50 1
0 30 0 53 1
0 0 0 32 49 1
0 34 0 54 1
0 0 0 31 50 1
0 51 0 33 1
0 0 0 30 53 1
0 0 0 38 50 1
0 39 0 53 1
0 0 0 52 33 1
0 0 0 34 54 1
0 0 0 51 33 1
0 44 0 49 1
0 0 0 41 49 1
0 42 0 54 1
0 43 0 50 1
0 0 0 42 54 1
0 0 0 43 50 1
0 0 0 44 49 1
0 0 0 39 53 1
0 22 0 58 1
0 24 0 57 1
0 58 0 25 1
0 57 0 24 1
0 28 0 57 1
0 57 0 28 1
0 25 0 58 1
0 58 0 22 1
0 0 0 24 57 1
0 0 0 58 22 1
0 0 0 25 58 1
0 0 0 58 25 1
0 0 0 57 24 1
0 0 0 57 28 1
0 0 0 22 58 1
0 0 0 28 57 1
0 33 0 53 1
0 54 0 33 1
0 51 0 53 1
0 33 0 54 1
0 52 0 54 1
0 53 0 33 1
0 0 0 33 53 1
0 0 0 54 33 1
0 29 0 55 1
0 0 0 33 54 1
0 0 0 53 33 1
0 0 0 52 54 1
0 0 0 51 53 1
0 27 0 55 1
0 57 0 46 1
0 58 0 45 1
0 48 0 58 1
0 0 0 27 55 1
0 58 0 48 1
0 45 0 58 1
0 57 0 47 1
0 47 0 57 1
0 46 0 57 1
0 0 0 29 55 1
0 0 0 45 58 1
0 0 0 58 48 1
0 0 0 57 46 1
0 0 0 46 57 1
0 0 0 58 45 1
0 0 0 47 57 1
0 0 0 48 58 1
0 0 0 57 47 1
0 36 0 56 1
0 35 0 56 1
0 0 0 36 56 1
0 0 0 35 56 1
0 57 0 38 1
0 57 0 41 1
0 0 0 57 38 1
0 0 0 57 41 1
0 42 0 55 1
0 39 0 55 1
0 55 0 39 1
0 56 0 31 1
0 56 0 32 1
0 32 0 56 1
0 55 0 42 1
0 31 0 56 1
0 0 0 42 55 1
0 58 0 51 1
0 0 0 55 42 1
0 0 0 31 56 1
0 0 0 39 55 1
0 0 0 55 39 1
0 0 0 56 31 1
0 0 0 32 56 1
0 58 0 52 1
0 0 0 56 32 1
0 0 0 58 51 1
0 0 0 58 52 1
0 55 0 50 1
0 55 0 49 1
0 0 0 55 50 1
0 0 0 55 49 1
0 56 0 54 1
0 56 0 53 1
0 0 0 56 54 1
0 0 0 56 53 1
